50000, 5000, 0.7, 100, 1, 0, 0.645708805158, 0.32982857942, 0.229346, 0.541910208203, 0.436627486124"
50000, 5000, 0.7, 100, 1, 1, 0.621209004419, 0.316370506536, 0.225963, 0.520838346632, 0.419233153234
50000, 5000, 0.7, 100, 1, 2, 0.650690947065, 0.321050038605, 0.230981, 0.539834912453, 0.429958922709
50000, 5000, 0.7, 100, 1, 3, 0.452519240019, 0.212110093761, 0.123877, 0.368896533443, 0.288834372937
50000, 5000, 0.7, 100, 1, 4, 0.700217302927, 0.334501587032, 0.234257, 0.574578258316, 0.452729338121
50000, 5000, 0.7, 100, 1, 5, 0.630564890148, 0.318183729172, 0.219908, 0.527072738387, 0.422947626266
50000, 5000, 0.7, 100, 1, 6, 0.676603895181, 0.327289717995, 0.223353, 0.557582964366, 0.441173238163
50000, 5000, 0.7, 100, 1, 7, 0.618222439837, 0.197677448478, 0.0809951, 0.433692379134, 0.299567719641
50000, 5000, 0.7, 100, 2, 0, 0.670401496484, 0.392669103841, 0.235979, 0.587319953149, 0.495255827332
50000, 5000, 0.7, 100, 2, 1, 0.569251353789, 0.272258150248, 0.150495, 0.467300308135, 0.368345977949
50000, 5000, 0.7, 100, 2, 2, 0.572348923401, 0.239517335274, 0.136029, 0.44787589171, 0.337709536553
50000, 5000, 0.7, 100, 2, 3, 0.601453109369, 0.323882098156, 0.21388, 0.51344700726, 0.421036384266
50000, 5000, 0.7, 100, 2, 4, 0.556526208489, 0.274180149354, 0.147999, 0.461481124348, 0.367370340968
50000, 5000, 0.7, 100, 2, 5, 0.3766139328, 0.236621159453, 0.120267, 0.336765632677, 0.290638375302
50000, 5000, 0.7, 100, 2, 6, 0.590633974731, 0.239886308775, 0.138733, 0.456995562631, 0.341195770528
50000, 5000, 0.7, 100, 2, 7, 0.564148485797, 0.284315146654, 0.136058, 0.471362125883, 0.378085644073
50000, 5000, 0.7, 100, 3, 0, 0.446008948678, 0.266163178055, 0.116896, 0.392911140508, 0.333377718012
50000, 5000, 0.7, 100, 3, 1, 0.41207688728, 0.28957861991, 0.12362, 0.379932858869, 0.34013459623
50000, 5000, 0.7, 100, 3, 2, 0.477719883314, 0.424392217039, 0.252317, 0.466008478797, 0.449479838091
50000, 5000, 0.7, 100, 3, 3, 0.610437568873, 0.353922241974, 0.21826, 0.533153850562, 0.448063949846
50000, 5000, 0.7, 100, 3, 4, 0.504772214788, 0.301441858795, 0.179399, 0.444770381957, 0.377466679582
50000, 5000, 0.7, 100, 3, 5, 0.489691779701, 0.411413158472, 0.244195, 0.471740391111, 0.447152453016
50000, 5000, 0.7, 100, 3, 6, 0.492412656819, 0.412895029807, 0.247375, 0.47414977533, 0.449161631163
50000, 5000, 0.7, 100, 3, 7, 0.494619134733, 0.442741594212, 0.254073, 0.483293310096, 0.467244802299
50000, 5000, 0.7, 100, 4, 0, 0.562023613677, 0.415906147691, 0.254569, 0.525125838867, 0.478048803319
50000, 5000, 0.7, 100, 4, 1, 0.475535877208, 0.370761431964, 0.17936, 0.450097055768, 0.416662940726
50000, 5000, 0.7, 100, 4, 2, 0.441256121394, 0.301092401063, 0.174765, 0.403672788422, 0.357942020642
50000, 5000, 0.7, 100, 4, 3, 0.563036821979, 0.410524658775, 0.267734, 0.52409592, 0.474834930901
50000, 5000, 0.7, 100, 4, 4, 0.467615549019, 0.357766293938, 0.172441, 0.440561385013, 0.405381056993
50000, 5000, 0.7, 100, 4, 5, 0.518506718611, 0.402617069486, 0.242816, 0.490282074458, 0.45327166284
50000, 5000, 0.7, 100, 4, 6, 0.381274821091, 0.297323673059, 0.123733, 0.360894660471, 0.334106341906
50000, 5000, 0.7, 100, 4, 7, 0.604596640893, 0.430159228527, 0.284915, 0.55924021924, 0.502674751219
50000, 5000, 0.7, 100, 5, 0, 0.489300608033, 0.496181619303, 0.251994, 0.490661499763, 0.492717090751
50000, 5000, 0.7, 100, 5, 1, 0.410417401352, 0.398699032927, 0.164163, 0.408018942416, 0.404473359045
50000, 5000, 0.7, 100, 5, 2, 0.403414995586, 0.460196421226, 0.213336, 0.413621960931, 0.429939052735
50000, 5000, 0.7, 100, 5, 3, 0.395550707116, 0.488777848229, 0.218015, 0.411238228343, 0.437250210504
50000, 5000, 0.7, 100, 5, 4, 0.391282470841, 0.484631140161, 0.204233, 0.406960034471, 0.432982585467
50000, 5000, 0.7, 100, 5, 5, 0.448822977953, 0.507292063587, 0.289023, 0.459413115961, 0.476269747423
50000, 5000, 0.7, 100, 5, 6, 0.309588292121, 0.332514612988, 0.12814, 0.313917102913, 0.320642159757
50000, 5000, 0.7, 100, 5, 7, 0.394758824293, 0.491338651205, 0.202708, 0.410913021991, 0.437785398656
50000, 5000, 0.7, 100, 6, 0, 0.38041575417, 0.53193960511, 0.22667, 0.403397435671, 0.443595149615
50000, 5000, 0.7, 100, 6, 1, 0.358360285306, 0.468428660263, 0.176063, 0.376031795248, 0.40606790702
50000, 5000, 0.7, 100, 6, 2, 0.383026779144, 0.530223582366, 0.22538, 0.405543589775, 0.444762662111
50000, 5000, 0.7, 100, 6, 3, 0.347958852783, 0.425611919852, 0.174134, 0.361136762485, 0.382887876847
50000, 5000, 0.7, 100, 6, 4, 0.495034935844, 0.755957291919, 0.461065, 0.531741576965, 0.598285522805
50000, 5000, 0.7, 100, 6, 5, 0.414582006595, 0.515470335675, 0.242175, 0.431471610846, 0.459554191504
50000, 5000, 0.7, 100, 6, 6, 0.421075643743, 0.526926229508, 0.24153, 0.438701176071, 0.468091482846
50000, 5000, 0.7, 100, 6, 7, 0.472246881857, 0.651170873855, 0.324281, 0.499708113328, 0.547460485061
50000, 5000, 0.7, 100, 7, 0, 0.513593279216, 0.767304124447, 0.387703, 0.549962551682, 0.615322101994
50000, 5000, 0.7, 100, 7, 1, 0.50558172795, 0.587858438173, 0.278402, 0.520141537516, 0.543624597247
50000, 5000, 0.7, 100, 7, 2, 0.499565045033, 0.493397877385, 0.225204, 0.498319308535, 0.496462309458
50000, 5000, 0.7, 100, 7, 3, 0.507992568298, 0.655662020906, 0.238187, 0.531954112541, 0.572457560904
50000, 5000, 0.7, 100, 7, 4, 0.510111193074, 0.671590370019, 0.331486, 0.535880953691, 0.579817740125
50000, 5000, 0.7, 100, 7, 5, 0.51339913247, 0.763457970601, 0.389156, 0.549387827911, 0.613942874016
50000, 5000, 0.7, 100, 7, 6, 0.514129048108, 0.778285999715, 0.387558, 0.551570608289, 0.619211979717
50000, 5000, 0.7, 100, 7, 7, 0.504914644886, 0.577394310325, 0.278357, 0.517917362967, 0.538727581904