50000, 10000, 0.5, 100, 1, 0, 0.653381419173, 0.548599655489, 0.412604, 0.629340778228, 0.596423403026
50000, 10000, 0.5, 100, 1, 1, 0.544731727052, 0.551370914102, 0.336983, 0.546046742541, 0.548031213516
50000, 10000, 0.5, 100, 1, 2, 0.619235410132, 0.510257721275, 0.391873, 0.593868459472, 0.559489279785
50000, 10000, 0.5, 100, 1, 3, 0.539451247328, 0.549243273764, 0.340242, 0.541381620769, 0.544303224418
50000, 10000, 0.5, 100, 1, 4, 0.664106797151, 0.556292637535, 0.418616, 0.639325473787, 0.605437385977
50000, 10000, 0.5, 100, 1, 5, 0.739429672853, 0.531448855137, 0.416156, 0.685755988242, 0.618421107033
50000, 10000, 0.5, 100, 1, 6, 0.661626648117, 0.54294657695, 0.415759, 0.633913815958, 0.596440160446
50000, 10000, 0.5, 100, 1, 7, 0.668232524629, 0.604969364604, 0.500935, 0.65454308307, 0.635029227103
50000, 10000, 0.5, 100, 2, 0, 0.495923151572, 0.543350440339, 0.32301, 0.504734477013, 0.518554622918
50000, 10000, 0.5, 100, 2, 1, 0.575077684073, 0.538785093137, 0.359674, 0.567433218059, 0.556340134375
50000, 10000, 0.5, 100, 2, 2, 0.489584735197, 0.589801714731, 0.338375, 0.506807723178, 0.535040839811
50000, 10000, 0.5, 100, 2, 3, 0.563440882308, 0.482606202415, 0.306293, 0.545177844524, 0.519900238655
50000, 10000, 0.5, 100, 2, 4, 0.575149132851, 0.538101220169, 0.361412, 0.567336977804, 0.556008716865
50000, 10000, 0.5, 100, 2, 5, 0.536096713952, 0.602323045828, 0.44022, 0.548150714335, 0.567283557461
50000, 10000, 0.5, 100, 2, 6, 0.463687371552, 0.510077951065, 0.352603, 0.472277919858, 0.485777628187
50000, 10000, 0.5, 100, 2, 7, 0.4943194569, 0.540105061895, 0.326014, 0.502844855965, 0.516198980233
50000, 10000, 0.5, 100, 3, 0, 0.418005153148, 0.575680669385, 0.286175, 0.442229986507, 0.484333138129
50000, 10000, 0.5, 100, 3, 1, 0.380368410955, 0.659243157543, 0.34331, 0.415523583264, 0.482401850587
50000, 10000, 0.5, 100, 3, 2, 0.445906217829, 0.562982042351, 0.310136, 0.465256863798, 0.497651133666
50000, 10000, 0.5, 100, 3, 3, 0.330376633792, 0.546484859273, 0.264646, 0.358750298331, 0.411800106751
50000, 10000, 0.5, 100, 3, 4, 0.391411377675, 0.558074889693, 0.311132, 0.416274632975, 0.460115894095
50000, 10000, 0.5, 100, 3, 5, 0.387618992457, 0.574758839485, 0.284373, 0.414618728743, 0.462993711767
50000, 10000, 0.5, 100, 3, 6, 0.496960529582, 0.610467928178, 0.39987, 0.516154785078, 0.547897180634
50000, 10000, 0.5, 100, 3, 7, 0.406970413419, 0.532375347017, 0.255935, 0.427091314287, 0.46130194907
50000, 10000, 0.5, 100, 4, 0, 0.313448645767, 0.673610161354, 0.297963, 0.350980658547, 0.427820898467
50000, 10000, 0.5, 100, 4, 1, 0.479337355688, 0.651479413683, 0.381886, 0.506082023018, 0.552305957779
50000, 10000, 0.5, 100, 4, 2, 0.407621481049, 0.618848705474, 0.298487, 0.437486297966, 0.491501904648
50000, 10000, 0.5, 100, 4, 3, 0.399075799607, 0.563582159017, 0.234727, 0.42381778995, 0.467272926462
50000, 10000, 0.5, 100, 4, 4, 0.401807153841, 0.632778099094, 0.338029, 0.433449950904, 0.49151051842
50000, 10000, 0.5, 100, 4, 5, 0.444969191433, 0.572426153846, 0.290666, 0.465708199269, 0.50071391424
50000, 10000, 0.5, 100, 4, 6, 0.426105700163, 0.6661857897, 0.392138, 0.459203240456, 0.519761556312
50000, 10000, 0.5, 100, 4, 7, 0.371293067189, 0.628483015389, 0.357225, 0.404390257341, 0.466807299207
50000, 10000, 0.5, 100, 5, 0, 0.300368117614, 0.650099469496, 0.33808, 0.336582051449, 0.410890716449
50000, 10000, 0.5, 100, 5, 1, 0.353701757475, 0.620160905271, 0.278466, 0.386953551552, 0.450478307677
50000, 10000, 0.5, 100, 5, 2, 0.298306276647, 0.694488280652, 0.174675, 0.336724226225, 0.417347600574
50000, 10000, 0.5, 100, 5, 3, 0.320636529107, 0.688342983448, 0.228213, 0.358990399199, 0.437487386615
50000, 10000, 0.5, 100, 5, 4, 0.340003392889, 0.762539525053, 0.454967, 0.382380052186, 0.470305548221
50000, 10000, 0.5, 100, 5, 5, 0.323843783675, 0.609887906211, 0.262146, 0.357365447152, 0.423051738105
50000, 10000, 0.5, 100, 5, 6, 0.349742637864, 0.701055412096, 0.40812, 0.388699659956, 0.466671914979
50000, 10000, 0.5, 100, 5, 7, 0.341301178568, 0.608883316415, 0.222276, 0.374189743171, 0.437415248512
50000, 10000, 0.5, 100, 6, 0, 0.357460463426, 0.645708243646, 0.31227, 0.392503627407, 0.460172185166
50000, 10000, 0.5, 100, 6, 1, 0.350790005295, 0.583588125859, 0.202024, 0.381203010817, 0.438188512626
50000, 10000, 0.5, 100, 6, 2, 0.353384518513, 0.643071287307, 0.147358, 0.38837507826, 0.45611945037
50000, 10000, 0.5, 100, 6, 3, 0.343533464117, 0.640651017896, 0.147521, 0.378655622393, 0.447243514788
50000, 10000, 0.5, 100, 6, 4, 0.353400270655, 0.647008892761, 0.154386, 0.388676024438, 0.457119199183
50000, 10000, 0.5, 100, 6, 5, 0.352656664112, 0.57918150575, 0.12866, 0.382583244282, 0.438385600288
50000, 10000, 0.5, 100, 6, 6, 0.348013732496, 0.558585013538, 0.137013, 0.376391601498, 0.428845189403
50000, 10000, 0.5, 100, 6, 7, 0.348083996504, 0.588506026045, 0.238164, 0.379055022745, 0.437436924547
50000, 10000, 0.5, 100, 7, 0, 0.0119156736939, 0.5, 0.0561821, 0.0148063781321, 0.0232766338406
50000, 10000, 0.5, 100, 7, 1, 0.0119047619048, 0.5, 0.0559575, 0.0147928994083, 0.0232558139535
50000, 10000, 0.5, 100, 7, 2, 0.0119156736939, 0.5, 0.0562216, 0.0148063781321, 0.0232766338406
50000, 10000, 0.5, 100, 7, 3, 0.014953271028, 0.5, 0.0575745, 0.0185528756957, 0.0290381125227
50000, 10000, 0.5, 100, 7, 4, 0.014953271028, 0.5, 0.0575712, 0.0185528756957, 0.0290381125227
50000, 10000, 0.5, 100, 7, 5, 0.0119156736939, 0.5, 0.056889, 0.0148063781321, 0.0232766338406
50000, 10000, 0.5, 100, 7, 6, 0.014953271028, 0.5, 0.0575773, 0.0185528756957, 0.0290381125227
50000, 10000, 0.5, 100, 7, 7, 0.0119047619048, 0.5, 0.0558982, 0.0147928994083, 0.0232558139535